843
805
187
302
513
719
818
464
593
465
642
733
278
383
599
65
425
464
468
747
892
28
532
369
200
175
335
682
855
704
95
548
385
849
647
213
728
172
571
425
739
361
839
444
402
554
564
175
264
96
442
170
644
553
783
506
360
437
526
491
304
604
355
52
350
27
773
107
158
287
298
487
788
162
187
755
316
371
375
64
322
801
248
451
393
334
120
193
566
765
481
809
768
74
242
354
724
288
744
639
792
60
54
827
882
526
612
751
109
185
451
394
475
624
16
891
540
839
27
60
592
175
507
411
879
756
872
638
821
461
779
870
485
124
254
170
523
816
395
55
56
170
351
363
719
604
64
798
193
214
565
856
784
48
735
828
556
502
671
891
640
588
17
867
502
346
300
41
883
605
631
755
173
189
492
757
69
123
323
302
264
881
485
439
723
602
152
752
535
379
347
848
597
896
478
326
475
218
83
545
